coord1=[2.9395439, -5.3162855;
 3.4092648, -5.4678083;
 3.8941381, -5.3364885;
 4.065864, -5.5890266;
 4.0456609, -5.7961079;
 3.788072, -6.326438;
 3.7375644, -6.644636;
 3.6719045, -6.8315143;
 3.9042396, -6.836565;
 4.1567777, -6.6143315;
 3.9951533, -6.3314888;
 4.469925, -5.5991282;
 4.384062, -5.0788996;
 4.7022601, -4.8415138;
 5.5911943, -5.7658033;
 5.7124126, -5.9476308;
 5.9043416, -5.9829861;
 6.2679965, -6.2304735;
 6.3488088, -6.4880624;
 6.5508393, -6.4931132;
 6.5962961, -6.5537223;
 6.9043927, -6.518367;
 6.8033774, -6.1900674;
 6.5053824, -6.1850166;
 5.8790878, -5.644585;
 5.4952298, -5.2001179;
 5.0406612, -4.1798638;
 5.2426917, -4.1243054;
 5.661905, -4.240473;
 5.7629203, -4.1647115;
 5.3235039, -3.9778333;
 4.8335799, -4.0081379;
 4.2527422, -3.6293307;
 3.8385797, -3.2202189;
 3.6517015, -3.2252697;
 2.7930718, -3.750549;
 2.4496199, -4.1192547;
 2.0354574, -4.260676;
 1.0909647, -3.8212597;
 0.96469568, -3.7050921;
 0.83842661, -3.7606505;
 0.91923882, -3.9374272;
 0.6363961, -4.6798893;
 0.75256365, -5.0081889;
 0.92934034, -4.9172752;
 1.412136, -4.5081634;
 2.1667772, -4.8819199;
 2.3334524, -5.2354732;
 1.7930208, -5.6849911;
 1.0657109, -5.9526816;
 0.87378195, -6.2557273;
 1.0909647, -6.3567426;
 1.4293659, -6.2759304;
 1.3738075, -6.1294583;
 1.78797, -5.9122755;
 1.6566502, -6.4678594;
 1.7778685, -6.6345345;
 1.7829192, -6.7052452;
 2.1819295, -6.8264635;
 2.1869803, -6.4931132;
 2.0910158, -6.3819964;
 1.9546452, -6.412301;
 1.8839345, -6.3567426;
 2.0051528, -5.8718694];


coord2=[3.0752582, -5.4877141;
3.3021219, -5.0963797;
3.8727095, -5.0293456;
4.065864, -5.5890266;
4.0956609, -5.7961079;
4.238072, -6.1978666;
3.8518501, -6.6374931;
3.9790474, -6.7100857;
4.2756682, -6.6937079;
4.4067777, -6.5929029;
4.3308676, -6.4743459;
4.4342107, -6.1991282;
4.1983477, -4.9788996;
4.5165458, -4.4772281;
4.9733372, -5.605089;
5.0052697, -5.7619165;
5.132913, -5.8472718;
5.3001394, -6.2519021;
5.1773802, -6.4880624;
5.090125, -6.5609703;
5.0391532, -6.6358652;
5.2222498, -6.6969384;
5.6069488, -6.7079245;
5.551811, -6.5243023;
5.2648021, -5.6160136;
5.2380869, -5.4572608;
5.0085183, -4.2691495;
5.0069774, -4.1921625;
4.9976193, -4.1119016;
4.9914917, -4.0218544;
4.9627896, -3.9135476;
4.8800085, -3.8152808;
4.2705993, -3.3079021;
3.9314368, -2.9309332;
3.6159872, -2.9252697;
2.8895004, -3.4398347;
2.4281913, -4.1013976;
2.0497431, -4.5999617;
1.3302504, -5.1248311;
1.1182671, -5.2086635;
1.1384266, -5.3392219;
1.3335245, -5.3517129;
1.8721104, -5.8656036;
2.1454208, -5.8546175;
2.1829118, -5.7101323;
2.0713565, -5.1403063;
2.3132058, -4.974777;
2.4763095, -4.8961875;
2.7787351, -5.5349911;
2.258568, -6.3598245;
2.0094962, -6.5771559;
1.9981076, -6.7710283;
2.4079373, -6.7116447;
2.3952361, -6.5723154;
2.8832782, -5.9143676;
2.8852216, -6.3964308;
2.6207256, -6.6845345;
2.5472049, -6.9052452;
2.7105009, -6.8764635;
3.0941232, -6.7431132;
2.9910158, -6.6677107;
3.0403595, -6.5980153;
3.0767916, -6.5067426;
3.1122957, -5.9575837];
