coord1=[-0.54, -0.74;
        1.46, -3.12;
        3.02, 1.06;
        5.40, 0.60;
        3.44, 3.88;
        -0.02, 3.66];
    
coord2=[2.22, 0.86;
        1.16, -2.88;
        5.46, -1.66;
        4.52, 1.20;
        5.62, 4.08;
        -0.02, 3.66];
    