coord2=[1.00000000000000, 0.500000000000001;
-0.500000000000001, 1.00000000000000;
-1.00000000000000, 1.50000000000000;
-1.00000000000000, 5.00000000000000;
-2.00000000000000, 5.00000000000000;
-2.00000000000000, 1.00000000000000;
-1.00000000000000, 0.00000000000000;
1.00000000000000, -0.500000000000001;
 3.00000000000000, 0.00000000000000;
 4.00000000000000, 1.00000000000000;
 4.00000000000000, 5.00000000000000;
 3.00000000000000, 5.00000000000000;
 3.00000000000000, 1.50000000000000;
 2.50000000000000, 1.00000000000000];


coord1=[9.00000000000000, 5.00000000000000;
8.50000000000001, 5.00000000000000;
8.00000000000000, 5.00000000000000;
7.00000000000000, 5.00000000000000;
7.00000000000000, 4.00000000000000;
8.50000000000001, 4.00000000000000;
8.50000000000001, 0.00000000000000;
9.00000000000000, 0.00000000000000;
9.50000000000001, 0.00000000000000;
9.50000000000001, 4.00000000000000;
11.0000000000000, 4.00000000000000;
11.0000000000000, 5.00000000000000;
10.0000000000000, 5.00000000000000;
9.50000000000001, 5.00000000000000];

